200 186 128
206 177 129
210 173 107
246 172 0
228 164 0
197 147 0
228 153 0
230 145 0
171 127 75
220 181 43
228 219 197
220 197 149
231 214 182
240 232 64
245 172 72
250 210 51
164 144 119
160 145 98
243 188 0
248 192 0
183 144 73
162 132 17
255 162 0
224 167 0
246 156 0
237 160 78
221 113 0
190 74 34
194 51 28
247 119 38
236 83 0
239 107 27
225 81 5
209 89 26
233 114 19
217 97 72
169 30 31
158 21 25
159 22 28
134 2 23
106 18 30
87 27 36
63 34 36
106 49 45
122 28 31
198 132 109
153 41 35
204 110 115
222 154 164
169 54 41
207 77 90
207 56 74
190 17 16
210 103 82
176 19 59
169 45 56
133 93 129
146 57 74
204 89 142
104 22 55
124 99 153
148 43 111
71 33 57
138 66 128
156 131 143
192 53 115
45 74 110
4 70 98
22 50 121
20 49 84
28 32 42
0 71 133
55 98 137
44 57 67
23 88 116
0 69 121
18 39 58
17 128 180
29 48 83
99 120 147
0 115 175
0 81 140
0 137 140
0 86 130
0 62 72
0 116 120
34 40 86
69 101 139
96 144 170
51 115 95
41 105 52
42 95 43
78 83 58
15 67 67
12 64 48
59 59 49
46 55 37
49 47 32
36 52 39
65 110 50
104 127 88
44 60 55
118 117 87
68 64 47
56 59 50
0 103 77
78 133 65
77 156 53
175 207 170
58 71 50
130 156 120
57 53 38
0 129 82
88 113 59
0 89 76
116 184 181
48 84 67
0 110 59
0 126 78
62 133 125
114 170 168
118 132 138
141 149 155
130 123 99
118 116 101
151 151 153
107 111 108
117 104 90
118 98 63
88 92 81
87 90 85
81 88 91
87 93 94
85 80 66
78 81 87
54 61 65
47 51 53
71 69 64
124 126 115
68 73 79
52 63 65
141 138 129
90 102 107
179 175 156
121 127 114
144 135 109
193 197 192
146 142 140
122 124 122
172 174 166
108 105 97
150 157 161
141 145 145
77 81 80
182 178 166
140 145 148
124 131 135
198 198 197
134 105 60
156 100 41
117 72 54
126 78 40
140 72 50
104 65 37
115 78 41
89 56 39
99 51 45
72 54 38
91 48 43
77 48 38
64 43 37
59 51 50
32 26 24
164 89 45
122 84 59
115 86 68
79 59 45
237 227 211
215 214 202
237 237 231
38 38 39
18 19 20
166 171 181
125 122 120
241 238 226
33 35 38
237 238 232
29 28 29
198 204 196
